--- outfile3.txt	2018-05-13 08:31:22.000000001 -0700
+++ model-outfile3.txt	2018-05-13 08:31:18.000000001 -0700
@@ -1,119 +1,122 @@
 A has 50 non-zero entries:
-3: (9, -7044.9) (3, -7433.3) 
-4: (8, 2116.6) (12, -815.1) (14, -8592.6) (5, -6018.9) 
-5: (3, -9731.7) (20, 4706.0) (13, -3487.3) 
-7: (16, -3544.5) (4, 3252.7) (10, 5485.6) (20, 7494.4) 
+3: (3, -7433.3) (9, -7044.9)
+4: (5, -6018.9) (8, 2116.6) (12, -815.1) (14, -8592.6)
+5: (3, -9731.7) (13, -3487.3) (20, 4706.0)
+7: (4, 3252.7) (10, 5485.6) (16, -3544.5) (20, 7494.4)
 8: (1, 2195.8) 
-9: (4, -1331.4) (16, 4347.5) (20, 3768.4) (5, 6744.1) 
-10: (4, -9090.5) (15, -8204.6) (3, 8128.7) (9, 8080.1) 
-11: (16, -3048.2) (2, -5704.5) (10, -8284.5) 
-12: (1, -5040.3) (11, 3548.5) (8, -2840.7) (10, 4934.7) 
-13: (17, 9768.6) (15, 8622.2) 
+9: (4, -1331.4) (5, 6744.1) (16, 4347.5) (20, 3768.4)
+10: (3, 8128.7) (4, -9090.5) (9, 8080.1) (15, -8204.6)
+11: (2, -5704.5) (10, -8284.5) (16, -3048.2)
+12: (1, -5040.3) (8, -2840.7) (10, 4934.7) (11, 3548.5)
+13: (15, 8622.2) (17, 9768.6)
 14: (9, 9142.2) 
 15: (2, -7389.8) (6, 8410.6) 
-16: (17, -3214.9) (16, -9176.0) 
-17: (20, 3194.6) (5, -9011.6) 
-18: (11, -334.1) (6, -5813.5) (12, 8941.3) 
-19: (1, 2848.7) (8, 4750.6) (7, -1429.9) (16, 36.2) (15, 325.2) 
-20: (18, 2112.4) (16, -6639.6) (17, -1453.4) (7, -3490.5) 
+16: (16, -9176.0) (17, -3214.9)
+17: (5, -9011.6) (20, 3194.6)
+18: (6, -5813.5) (11, -334.1) (12, 8941.3)
+19: (1, 2848.7) (7, -1429.9) (8, 4750.6) (15, 325.2) (16, 36.2)
+20: (7, -3490.5) (16, -6639.6) (17, -1453.4) (18, 2112.4)
 
 B has 40 non-zero entries:
 1: (6, -7607.6) 
 2: (2, 9792.3) 
 3: (14, 3717.5) 
-4: (20, -4788.1) (8, 7726.8) (9, -5056.4) (16, 4544.1) 
-5: (4, 3948.1) (11, -6087.6) (6, 650.6) 
+4: (8, 7726.8) (9, -5056.4) (16, 4544.1) (20, -4788.1)
+5: (4, 3948.1) (6, 650.6) (11, -6087.6)
 6: (6, -3442.1) (8, 6019.1) (17, -6543.7) 
-8: (6, -605.6) (2, 8989.5) (17, 7789.1) 
+8: (2, 8989.5) (6, -605.6) (17, 7789.1)
 9: (7, -4702.6) (8, 2218.0) (9, 3894.5) 
-10: (2, -1821.5) (12, -7499.9) (17, -3793.7) (7, 2671.7) 
+10: (2, -1821.5) (7, 2671.7) (12, -7499.9) (17, -3793.7)
 11: (13, 2285.5) 
-13: (3, -9078.3) (9, -3934.8) (8, 9314.0) 
-14: (9, 2346.3) (2, 8936.5) 
+13: (3, -9078.3) (8, 9314.0) (9, -3934.8)
+14: (2, 8936.5) (9, 2346.3)
 16: (7, 7374.4) 
 17: (20, -6863.8) 
-18: (2, -7953.6) (13, 3324.5) (12, -314.5) (6, -390.0) 
-19: (15, -8201.1) (12, -7007.8) (5, -1692.8) 
-20: (15, 9038.8) (2, 2141.8) 
+18: (2, -7953.6) (6, -390.0) (12, -314.5) (13, 3324.5)
+19: (5, -1692.8) (12, -7007.8) (15, -8201.1)
+20: (2, 2141.8) (15, 9038.8)
 
 (1.5)*A =
-3: (9, -10567.349999999999) (3, -11149.95) 
-4: (8, 3174.8999999999996) (12, -1222.65) (14, -12888.900000000001) (5, -9028.349999999999) 
-5: (3, -14597.550000000001) (20, 7059.0) (13, -5230.950000000001) 
-7: (16, -5316.75) (4, 4879.049999999999) (10, 8228.400000000001) (20, 11241.599999999999) 
+3: (3, -11149.95) (9, -10567.349999999999)
+4: (5, -9028.349999999999) (8, 3174.8999999999996) (12, -1222.65) (14, -12888.900000000001)
+5: (3, -14597.550000000001) (13, -5230.950000000001) (20, 7059.0)
+7: (4, 4879.049999999999) (10, 8228.400000000001) (16, -5316.75) (20, 11241.599999999999)
 8: (1, 3293.7000000000003) 
-9: (4, -1997.1000000000001) (16, 6521.25) (20, 5652.6) (5, 10116.150000000001) 
-10: (4, -13635.75) (15, -12306.900000000001) (3, 12193.05) (9, 12120.150000000001) 
-11: (16, -4572.299999999999) (2, -8556.75) (10, -12426.75) 
-12: (1, -7560.450000000001) (11, 5322.75) (8, -4261.049999999999) (10, 7402.049999999999) 
-13: (17, 14652.900000000001) (15, 12933.300000000001) 
+9: (4, -1997.1000000000001) (5, 10116.150000000001) (16, 6521.25) (20, 5652.6)
+10: (3, 12193.05) (4, -13635.75) (9, 12120.150000000001) (15, -12306.900000000001)
+11: (2, -8556.75) (10, -12426.75) (16, -4572.299999999999)
+12: (1, -7560.450000000001) (8, -4261.049999999999) (10, 7402.049999999999) (11, 5322.75)
+13: (15, 12933.300000000001) (17, 14652.900000000001)
 14: (9, 13713.300000000001) 
 15: (2, -11084.7) (6, 12615.900000000001) 
-16: (17, -4822.35) (16, -13764.0) 
-17: (20, 4791.9) (5, -13517.400000000001) 
-18: (11, -501.15000000000003) (6, -8720.25) (12, 13411.949999999999) 
-19: (1, 4273.049999999999) (8, 7125.900000000001) (7, -2144.8500000000004) (16, 54.300000000000004) (15, 487.79999999999995) 
-20: (18, 3168.6000000000004) (16, -9959.400000000001) (17, -2180.1000000000004) (7, -5235.75) 
+16: (16, -13764.0) (17, -4822.35)
+17: (5, -13517.400000000001) (20, 4791.9)
+18: (6, -8720.25) (11, -501.15000000000003) (12, 13411.949999999999)
+19: (1, 4273.049999999999) (7, -2144.8500000000004) (8, 7125.900000000001) (15, 487.79999999999995) (16, 54.300000000000004)
+20: (7, -5235.75) (16, -9959.400000000001) (17, -2180.1000000000004) (18, 3168.6000000000004)
 
 A+B = 
 1: (6, -7607.6) 
 2: (2, 9792.3) 
-3: (9, -7044.9) (3, -7433.3) (14, 3717.5) 
-4: (8, 2116.6) (12, -815.1) (14, -8592.6) (5, -6018.9) (20, -4788.1) 
-5: (3, -9731.7) (4, 3948.1) (11, -6087.6) (6, 650.6) (20, 4706.0) 
-6: (6, -3442.1) 
-7: (16, -3544.5) 
-8: (1, 2195.8) (6, -605.6) 
-9: (4, -1331.4) (7, -4702.6) (8, 2218.0) (9, 3894.5) (16, 4347.5) 
-10: (2, -1821.5) (4, -9090.5) (12, -7499.9) (15, -8204.6) (9, 8080.1) (17, -3793.7) 
-11: (13, 2285.5) (16, -3048.2) 
-12: (1, -5040.3) 
-13: (3, -9078.3) (9, -3934.8) (8, 9314.0) (17, 9768.6) 
-14: (9, 11488.5) (2, 8936.5) 
-15: (2, -7389.8) 
-16: (7, 7374.4) (17, -3214.9) 
-17: (20, -3669.2000000000003) (5, -9011.6) 
-18: (2, -7953.6) (11, -334.1) (6, -5813.5) (12, 8941.3) (13, 3324.5) 
-19: (1, 2848.7) (8, 4750.6) (7, -1429.9) (15, -8201.1) (12, -7007.8) (16, 36.2) 
-20: (15, 9038.8) (2, 2141.8) (18, 2112.4) 
+3: (3, -7433.3) (9, -7044.9) (14, 3717.5)
+4: (5, -6018.9) (8, 9843.4) (9, -5056.4) (12, -815.1) (14, -8592.6) (16, 4544.1) (20, -4788.1)
+5: (3, -9731.7) (4, 3948.1) (6, 650.6) (11, -6087.6) (13, -3487.3) (20, 4706.0)
+6: (6, -3442.1) (8, 6019.1) (17, -6543.7)
+7: (4, 3252.7) (10, 5485.6) (16, -3544.5) (20, 7494.4)
+8: (1, 2195.8) (2, 8989.5) (6, -605.6) (17, 7789.1)
+9: (4, -1331.4) (5, 6744.1) (7, -4702.6) (8, 2218.0) (9, 3894.5) (16, 4347.5) (20, 3768.4)
+10: (2, -1821.5) (3, 8128.7) (4, -9090.5) (7, 2671.7) (9, 8080.1) (12, -7499.9) (15, -8204.6) (17, -3793.7)
+11: (2, -5704.5) (10, -8284.5) (13, 2285.5) (16, -3048.2)
+12: (1, -5040.3) (8, -2840.7) (10, 4934.7) (11, 3548.5)
+13: (3, -9078.3) (8, 9314.0) (9, -3934.8) (15, 8622.2) (17, 9768.6)
+14: (2, 8936.5) (9, 11488.5)
+15: (2, -7389.8) (6, 8410.6)
+16: (7, 7374.4) (16, -9176.0) (17, -3214.9)
+17: (5, -9011.6) (20, -3669.2000000000003)
+18: (2, -7953.6) (6, -6203.5) (11, -334.1) (12, 8626.8) (13, 3324.5)
+19: (1, 2848.7) (5, -1692.8) (7, -1429.9) (8, 4750.6) (12, -7007.8) (15, -7875.900000000001) (16, 36.2)
+20: (2, 2141.8) (7, -3490.5) (15, 9038.8) (16, -6639.6) (17, -1453.4) (18, 2112.4)
 
 A+A =
-3: (9, -14089.8) (3, -14866.6) 
-4: (8, 4233.2) (12, -1630.2) (14, -17185.2) (5, -12037.8) 
-5: (3, -19463.4) (20, 9412.0) (13, -6974.6) 
-7: (16, -7089.0) (4, 6505.4) (10, 10971.2) (20, 14988.8) 
+3: (3, -14866.6) (9, -14089.8)
+4: (5, -12037.8) (8, 4233.2) (12, -1630.2) (14, -17185.2)
+5: (3, -19463.4) (13, -6974.6) (20, 9412.0)
+7: (4, 6505.4) (10, 10971.2) (16, -7089.0) (20, 14988.8)
 8: (1, 4391.6) 
-9: (4, -2662.8) (16, 8695.0) (20, 7536.8) (5, 13488.2) 
-10: (4, -18181.0) (15, -16409.2) (3, 16257.4) (9, 16160.2) 
-11: (16, -6096.4) (2, -11409.0) (10, -16569.0) 
-12: (1, -10080.6) (11, 7097.0) (8, -5681.4) (10, 9869.4) 
-13: (17, 19537.2) (15, 17244.4) 
+9: (4, -2662.8) (5, 13488.2) (16, 8695.0) (20, 7536.8)
+10: (3, 16257.4) (4, -18181.0) (9, 16160.2) (15, -16409.2)
+11: (2, -11409.0) (10, -16569.0) (16, -6096.4)
+12: (1, -10080.6) (8, -5681.4) (10, 9869.4) (11, 7097.0)
+13: (15, 17244.4) (17, 19537.2)
 14: (9, 18284.4) 
 15: (2, -14779.6) (6, 16821.2) 
-16: (17, -6429.8) (16, -18352.0) 
-17: (20, 6389.2) (5, -18023.2) 
-18: (11, -668.2) (6, -11627.0) (12, 17882.6) 
-19: (1, 5697.4) (8, 9501.2) (7, -2859.8) (16, 72.4) (15, 650.4) 
-20: (18, 4224.8) (16, -13279.2) (17, -2906.8) (7, -6981.0) 
+16: (16, -18352.0) (17, -6429.8)
+17: (5, -18023.2) (20, 6389.2)
+18: (6, -11627.0) (11, -668.2) (12, 17882.6)
+19: (1, 5697.4) (7, -2859.8) (8, 9501.2) (15, 650.4) (16, 72.4)
+20: (7, -6981.0) (16, -13279.2) (17, -2906.8) (18, 4224.8)
 
 B-A =
-3: (9, 7044.9) (3, 7433.3) 
-4: (8, -2116.6) (12, 815.1) (14, 8592.6) (5, 6018.9) 
-5: (3, 9731.7) (20, -4706.0) (13, 3487.3) 
-7: (16, 3544.5) (4, -3252.7) (10, -5485.6) (20, -7494.4) 
-8: (1, -2195.8) 
-9: (4, 1331.4) (16, -4347.5) (20, -3768.4) (5, -6744.1) 
-10: (4, 9090.5) (15, 8204.6) (3, -8128.7) (9, -8080.1) 
-11: (16, 3048.2) (2, 5704.5) (10, 8284.5) 
-12: (1, 5040.3) (11, -3548.5) (8, 2840.7) (10, -4934.7) 
-13: (17, -9768.6) (15, -8622.2) 
-14: (9, -9142.2) 
+1: (6, -7607.6)
+2: (2, 9792.3)
+3: (3, 7433.3) (9, 7044.9) (14, 3717.5)
+4: (5, 6018.9) (8, 5610.200000000001) (9, -5056.4) (12, 815.1) (14, 8592.6) (16, 4544.1) (20, -4788.1)
+5: (3, 9731.7) (4, 3948.1) (6, 650.6) (11, -6087.6) (13, 3487.3) (20, -4706.0)
+6: (6, -3442.1) (8, 6019.1) (17, -6543.7)
+7: (4, -3252.7) (10, -5485.6) (16, 3544.5) (20, -7494.4)
+8: (1, -2195.8) (2, 8989.5) (6, -605.6) (17, 7789.1)
+9: (4, 1331.4) (5, -6744.1) (7, -4702.6) (8, 2218.0) (9, 3894.5) (16, -4347.5) (20, -3768.4)
+10: (2, -1821.5) (3, -8128.7) (4, 9090.5) (7, 2671.7) (9, -8080.1) (12, -7499.9) (15, 8204.6) (17, -3793.7)
+11: (2, 5704.5) (10, 8284.5) (13, 2285.5) (16, 3048.2)
+12: (1, 5040.3) (8, 2840.7) (10, -4934.7) (11, -3548.5)
+13: (3, -9078.3) (8, 9314.0) (9, -3934.8) (15, -8622.2) (17, -9768.6)
+14: (2, 8936.5) (9, -6795.900000000001)
 15: (2, 7389.8) (6, -8410.6) 
-16: (17, 3214.9) (16, 9176.0) 
-17: (20, -3194.6) (5, 9011.6) 
-18: (11, 334.1) (6, 5813.5) (12, -8941.3) 
-19: (1, -2848.7) (8, -4750.6) (7, 1429.9) (16, -36.2) (15, -325.2) 
-20: (18, -2112.4) (16, 6639.6) (17, 1453.4) (7, 3490.5) 
+16: (7, 7374.4) (16, 9176.0) (17, 3214.9)
+17: (5, 9011.6) (20, -10058.4)
+18: (2, -7953.6) (6, 5423.5) (11, 334.1) (12, -9255.8) (13, 3324.5)
+19: (1, -2848.7) (5, -1692.8) (7, 1429.9) (8, -4750.6) (12, -7007.8) (15, -8526.300000000001) (16, -36.2)
+20: (2, 2141.8) (7, 3490.5) (15, 9038.8) (16, 6639.6) (17, 1453.4) (18, -2112.4)
 
 A-A =
 
@@ -139,37 +142,39 @@
 20: (5, 4706.0) (7, 7494.4) (9, 3768.4) (17, 3194.6) 
 
 A*B =
-3: (7, 3.3129346740000002E7) (8, -1.56255882E7) (9, -2.7436363049999997E7) 
-4: (2, -5.77605942E7) (6, -1281812.96) (9, -2.0160817380000003E7) (17, 1.648640906E7) 
-5: (2, 1.00793108E7) (14, -3.617759475E7) (15, 4.25365928E7) 
-7: (2, 1.605150592E7) (7, -2.6138560799999997E7) (15, 6.774038271999998E7) 
+3: (7, 3.3129346740000002E7) (8, -1.56255882E7) (9, -2.7436363049999997E7) (14, -2.763329275E7)
+4: (2, -5.77605942E7) (4, -2.376321909E7) (6, -5197709.3) (9, -2.0160817380000003E7) (11, 3.664065564E7) (17, 1.648640906E7)
+5: (2, 1.00793108E7) (3, 3.165875559E7) (8, -3.2480712200000003E7) (9, 1.3721828040000001E7) (14, -3.617759475E7) (15, 4.25365928E7)
+7: (2, 6059485.52) (7, -1.1482683279999997E7) (8, 2.513296236E7) (9, -1.6446952279999997E7) (12, -4.114145144E7) (15, 6.774038271999998E7) (16, 1.478059407E7) (17, -2.081072072E7) (20, -1.5574252870000001E7)
 8: (6, -1.6704768080000002E7) 
-9: (2, 8071159.120000001) (7, 3.2060204E7) (8, -1.0287461520000001E7) (9, 6732090.96) (15, 3.406181392E7) (16, -6050014.740000001) (20, 6374876.340000001) 
-10: (8, -7.02404754E7) (9, 4.5965204199999996E7) (16, -4.1308141050000004E7) (20, 4.3526223050000004E7) 
-11: (7, -2.247864608E7) 
-12: (6, 3.834458628E7) (13, 8110096.75) 
+9: (2, 8071159.120000001) (4, 2.662638121E7) (6, 4387711.46) (7, 3.2060204E7) (8, -1.0287461520000001E7) (9, 6732090.96) (11, -4.1055383160000004E7) (15, 3.406181392E7) (16, -6050014.740000001) (20, 6374876.340000001)
+10: (7, -3.7997478260000005E7) (8, -5.231881360000001E7) (9, 7.743315365E7) (14, 3.021844225E7) (16, -4.1308141050000004E7) (20, 4.3526223050000004E7)
+11: (2, -4.0769958599999994E7) (7, -4.461234473E7) (12, 6.213292155E7) (17, 3.142890765E7)
+12: (2, -3.4525028699999996E7) (6, 4.00649142E7) (7, 1.3184037989999998E7) (12, -3.7009756529999994E7) (13, 8110096.75) (17, -4.084726776E7)
 13: (20, -6.704971668000001E7) 
 14: (7, -4.2992109720000006E7) (8, 2.02773996E7) (9, 3.5604297900000006E7) 
 15: (2, -7.236313853999999E7) (6, -2.895012626E7) (8, 5.062424246000001E7) (17, -5.503644322E7) 
-16: (20, 2.206643062E7) 
-17: (2, 6842194.28) (15, 2.8875350479999997E7) 
-18: (13, -763585.55) 
+16: (7, -6.766749439999999E7) (20, 2.206643062E7)
+17: (2, 6842194.28) (4, -3.557869796E7) (6, -5862946.960000001) (11, 5.4859016160000004E7) (15, 2.8875350479999997E7)
+18: (6, 2.0010648349999998E7) (8, -3.499203785E7) (13, -763585.55) (17, 3.8041799949999996E7)
 19: (2, 4.27055187E7) (6, -2.454873348E7) (7, 266953.28) (17, 3.700289846E7) 
-20: (2, -1.680118464E7) (6, -823836.0) (12, -664349.8) (13, 7022673.800000001) 
+20: (2, -1.680118464E7) (6, -823836.0) (7, -4.896306624E7) (12, -664349.8) (13, 7022673.800000001) (20, 9975846.920000002)
 
 B*B = 
 1: (6, 2.618611996E7) (8, -4.5790905160000004E7) (17, 4.978185212E7) 
 2: (2, 9.588913928999999E7) 
 3: (2, 3.322143875E7) (9, 8722370.25) 
-4: (2, -1.0255152580000002E7) (15, -4.327867828E7) 
-5: (8, 3.050617908E7) (9, -1.996317284E7) (13, -1.39132098E7) (16, 1.794056121E7) (20, -1.890389761E7) 
+4: (2, 5.920491602000001E7) (6, -4679350.08) (7, 5.728823768000001E7) (8, -1.12150952E7) (9, -1.9692149799999997E7) (15, -4.327867828E7) (17, 6.018481788E7)
+5: (6, -2239430.2600000002) (8, 3.442220554E7) (9, -1.996317284E7) (13, -1.39132098E7) (16, 1.794056121E7) (17, -4257331.22) (20, -1.890389761E7)
 6: (2, 5.410869945E7) (6, 8202885.449999999) (8, -2.071834411E7) (17, 6.940744158E7) (20, 4.491464806E7) 
-8: (6, 2084535.76) (8, -3645166.9600000004) (17, 3962864.72) (20, -5.3462824580000006E7) 
+8: (2, 8.802788085E7) (6, 2084535.76) (8, -3645166.9600000004) (17, 3962864.72) (20, -5.3462824580000006E7)
 9: (2, 1.9938711E7) (6, -1343220.8) (7, -1.8314275700000003E7) (8, 8638001.0) (9, 1.516713025E7) (17, 1.72762238E7) 
 10: (2, -1.783667445E7) (20, 2.603919806E7) 
 11: (3, -2.074845465E7) (8, 2.1287147E7) (9, -8992985.4) 
-13: (7, 1.850379048E7) (8, -8727386.4) (9, -1.5324078600000001E7) (14, -3.374858025E7) 
-14: (7, -1.103371038E7) (8, 5204093.4) (9, 9137665.350000001) 
+13: (2, 8.3728203E7) (6, -5640558.4) (7, 1.850379048E7) (8, -8727386.4) (9, -1.5324078600000001E7) (14, -3.374858025E7) (17, 7.25476774E7)
+14: (2, 8.750888894999999E7) (7, -1.103371038E7) (8, 5204093.4) (9, 9137665.350000001)
 17: (2, -1.4700886840000002E7) (15, -6.204051544E7) 
-18: (2, -7.788403728E7) (3, -3.0180808349999998E7) (8, 3.0964393E7) (9, -1.3081242600000001E7) 
+18: (2, -7.788403728E7) (3, -3.0180808349999998E7) (6, 1342419.0) (8, 2.8616944E7) (9, -1.3081242600000001E7) (17, 2552043.0)
+19: (4, -6683343.68) (6, -1101335.68) (11, 1.0305089280000001E7)
+20: (2, 2.097314814E7)
 
