--- outfile5.txt	2018-05-13 08:31:22.000000001 -0700
+++ model-outfile5.txt	2018-05-13 08:31:19.000000001 -0700
@@ -36,7 +36,7 @@
 183: (265, 3265.0) 
 191: (395, -3372.6) (469, 6685.7) 
 213: (408, 9292.9) 
-217: (990, 1955.2) (412, -8198.3) 
+217: (412, -8198.3) (990, 1955.2)
 226: (780, 6380.8) 
 227: (181, -9462.7) 
 232: (229, 3864.0) 
@@ -113,7 +113,7 @@
 596: (400, 8462.3) 
 606: (70, 2233.1) 
 621: (261, 864.9) 
-629: (696, 5874.9) (270, 7672.7) 
+629: (270, 7672.7) (696, 5874.9)
 633: (254, -9685.3) 
 647: (389, 3702.1) 
 652: (884, -4118.6) 
@@ -138,7 +138,7 @@
 738: (10, -5391.4) 
 747: (320, 6906.0) 
 752: (704, -4961.6) 
-757: (744, 91.5) (341, -2780.5) 
+757: (341, -2780.5) (744, 91.5)
 760: (676, 5189.4) 
 765: (651, -9058.0) 
 766: (131, 2322.2) 
@@ -153,16 +153,16 @@
 813: (486, -9180.0) 
 814: (425, 9479.2) 
 816: (779, -6278.3) 
-823: (221, -3703.5) (185, -350.9) 
+823: (185, -350.9) (221, -3703.5)
 827: (9, -6417.7) 
-833: (658, 6820.2) (37, -9357.9) 
+833: (37, -9357.9) (658, 6820.2)
 837: (672, 7729.2) 
 860: (954, 6962.6) 
 865: (951, 788.8) 
 870: (614, 9785.1) 
 874: (882, 4939.2) 
 876: (445, -9553.7) 
-885: (793, 1810.2) (192, -5043.1) 
+885: (192, -5043.1) (793, 1810.2)
 888: (823, 4914.7) 
 897: (482, 4107.6) 
 899: (321, 4693.6) 
@@ -180,7 +180,7 @@
 971: (704, -6246.5) 
 976: (936, 7611.2) 
 982: (729, 8415.3) 
-983: (297, -2136.0) (123, -1207.5) 
+983: (123, -1207.5) (297, -2136.0)
 984: (10, 9558.3) 
 986: (578, 7546.6) 
 988: (595, 4330.0) 
@@ -241,10 +241,10 @@
 294: (536, 7296.8) 
 295: (142, -4547.6) 
 301: (531, -8641.8) 
-305: (633, 3445.9) (426, -8311.3) (359, 3541.1) 
+305: (359, 3541.1) (426, -8311.3) (633, 3445.9)
 318: (199, 6424.6) 
 324: (279, -6867.1) 
-333: (567, -8048.8) (345, -4436.7) 
+333: (345, -4436.7) (567, -8048.8)
 334: (518, 7760.2) 
 335: (334, 2976.4) 
 343: (458, -6589.1) (716, 1871.9) 
@@ -259,12 +259,12 @@
 374: (552, -8697.3) 
 375: (710, 3531.3) 
 377: (225, 5133.0) 
-378: (597, -4616.2) (698, 2020.2) (508, 5539.6) 
+378: (508, 5539.6) (597, -4616.2) (698, 2020.2)
 393: (267, -7122.0) 
 395: (125, 8621.7) 
 397: (637, -7227.3) 
 407: (95, 8736.8) 
-409: (588, 9231.7) (213, 182.9) (142, 1231.9) 
+409: (142, 1231.9) (213, 182.9) (588, 9231.7)
 412: (556, -7370.7) 
 418: (463, -7032.8) 
 422: (12, 8306.2) 
@@ -286,7 +286,7 @@
 517: (683, -8020.8) 
 521: (342, -9014.6) 
 523: (511, -8006.1) 
-527: (763, 1887.6) (272, -7508.4) 
+527: (272, -7508.4) (763, 1887.6)
 530: (169, 4495.6) 
 534: (445, 4894.3) 
 538: (20, -6888.0) 
@@ -301,7 +301,7 @@
 578: (903, -1557.8) 
 580: (967, 1798.3) 
 602: (851, -4273.3) 
-619: (599, -2181.6) (544, 5991.8) 
+619: (544, 5991.8) (599, -2181.6)
 623: (436, 2470.1) 
 638: (796, -401.1) 
 652: (205, 5863.8) 
@@ -311,11 +311,11 @@
 683: (883, 1664.9) 
 684: (311, -3201.0) 
 686: (363, 213.7) 
-693: (941, -6726.7) (495, -8152.5) (280, -9298.2) 
+693: (280, -9298.2) (495, -8152.5) (941, -6726.7)
 695: (636, -9401.6) 
 696: (149, 4462.5) 
 705: (320, -6729.2) 
-715: (465, 3743.6) (378, -8730.5) 
+715: (378, -8730.5) (465, 3743.6)
 716: (251, -6490.8) 
 722: (953, -4280.3) 
 724: (985, 1148.3) 
@@ -324,10 +324,10 @@
 749: (795, 2830.0) 
 750: (256, -8699.6) 
 756: (51, -7013.0) 
-762: (716, 8510.2) (436, 9139.3) 
+762: (436, 9139.3) (716, 8510.2)
 765: (467, 9164.0) 
 778: (61, 6149.3) 
-782: (783, -7863.2) (84, 6174.4) 
+782: (84, 6174.4) (783, -7863.2)
 783: (494, 2916.6) 
 789: (31, -6911.8) 
 792: (558, -1376.8) 
@@ -406,7 +406,7 @@
 183: (265, 4897.5) 
 191: (395, -5058.9) (469, 10028.55) 
 213: (408, 13939.349999999999) 
-217: (990, 2932.8) (412, -12297.449999999999) 
+217: (412, -12297.449999999999) (990, 2932.8)
 226: (780, 9571.2) 
 227: (181, -14194.050000000001) 
 232: (229, 5796.0) 
@@ -483,7 +483,7 @@
 596: (400, 12693.449999999999) 
 606: (70, 3349.6499999999996) 
 621: (261, 1297.35) 
-629: (696, 8812.349999999999) (270, 11509.05) 
+629: (270, 11509.05) (696, 8812.349999999999)
 633: (254, -14527.949999999999) 
 647: (389, 5553.15) 
 652: (884, -6177.900000000001) 
@@ -508,7 +508,7 @@
 738: (10, -8087.099999999999) 
 747: (320, 10359.0) 
 752: (704, -7442.400000000001) 
-757: (744, 137.25) (341, -4170.75) 
+757: (341, -4170.75) (744, 137.25)
 760: (676, 7784.099999999999) 
 765: (651, -13587.0) 
 766: (131, 3483.2999999999997) 
@@ -523,16 +523,16 @@
 813: (486, -13770.0) 
 814: (425, 14218.800000000001) 
 816: (779, -9417.45) 
-823: (221, -5555.25) (185, -526.3499999999999) 
+823: (185, -526.3499999999999) (221, -5555.25)
 827: (9, -9626.55) 
-833: (658, 10230.3) (37, -14036.849999999999) 
+833: (37, -14036.849999999999) (658, 10230.3)
 837: (672, 11593.8) 
 860: (954, 10443.900000000001) 
 865: (951, 1183.1999999999998) 
 870: (614, 14677.650000000001) 
 874: (882, 7408.799999999999) 
 876: (445, -14330.550000000001) 
-885: (793, 2715.3) (192, -7564.650000000001) 
+885: (192, -7564.650000000001) (793, 2715.3)
 888: (823, 7372.049999999999) 
 897: (482, 6161.400000000001) 
 899: (321, 7040.400000000001) 
@@ -550,16 +550,16 @@
 971: (704, -9369.75) 
 976: (936, 11416.8) 
 982: (729, 12622.949999999999) 
-983: (297, -3204.0) (123, -1811.25) 
+983: (123, -1811.25) (297, -3204.0)
 984: (10, 14337.449999999999) 
 986: (578, 11319.900000000001) 
 988: (595, 6495.0) 
 993: (450, 1217.5500000000002) 
 
 A+B = 
-1: (206, -2590.4) 
+1: (206, -2590.4) (945, 3364.0)
 2: (341, -5897.8) 
-3: (572, -9541.5) 
+3: (572, -9541.5) (836, -7660.0)
 5: (212, 2288.2) 
 9: (82, 1909.1) 
 11: (487, 4872.9) 
@@ -587,7 +587,7 @@
 68: (167, -2246.3) 
 71: (829, 2155.1) 
 80: (528, -1343.5) 
-85: (124, 8436.6) 
+85: (124, 8436.6) (554, -5112.0)
 86: (682, 9982.4) (957, -9259.9) 
 88: (158, -6778.0) 
 91: (288, 3648.9) (600, 2487.3) 
@@ -614,7 +614,7 @@
 175: (498, -3245.4) 
 183: (265, 3265.0) 
 190: (330, -2514.9) 
-191: (395, -3372.6) 
+191: (395, -3372.6) (469, 6685.7)
 196: (543, -8519.9) 
 200: (151, -1820.9) 
 208: (587, -4182.9) 
@@ -622,7 +622,7 @@
 213: (408, 9292.9) 
 214: (216, 2076.4) 
 216: (941, -7063.3) 
-217: (990, 1955.2) 
+217: (412, -8198.3) (990, 1955.2)
 220: (97, 1694.1) 
 223: (786, 3904.3) 
 226: (780, 6380.8) 
@@ -643,7 +643,7 @@
 269: (153, 5046.7) 
 276: (96, -7023.1) 
 280: (749, -5329.4) 
-281: (121, 772.3) 
+281: (121, 772.3) (251, -2004.0)
 283: (79, 3402.6) 
 285: (968, -9695.3) 
 287: (922, 997.7) 
@@ -655,7 +655,7 @@
 296: (21, -9722.9) 
 299: (336, 7906.4) 
 301: (531, -8641.8) 
-305: (633, 3445.9) 
+305: (359, 3541.1) (426, -8311.3) (633, 3445.9)
 308: (94, -2899.7) 
 310: (887, -6318.5) 
 311: (625, 6051.7) 
@@ -665,12 +665,12 @@
 323: (750, 6290.7) 
 324: (279, -6867.1) 
 328: (458, -2220.3) 
-329: (92, 4539.6) 
-333: (567, -8048.8) 
+329: (92, 4539.6) (638, 2560.0)
+333: (345, -4436.7) (567, -8048.8)
 334: (518, 7760.2) 
 335: (334, 2976.4) 
-336: (40, -384.3) 
-343: (458, -6589.1) 
+336: (40, -384.3) (920, -2722.6)
+343: (458, -6589.1) (716, 1871.9)
 345: (913, 3447.9) 
 348: (687, -1892.8) 
 353: (793, -3307.5) 
@@ -686,7 +686,7 @@
 374: (552, -8697.3) (792, 296.7) 
 375: (710, 3531.3) 
 377: (225, 5133.0) 
-378: (597, -4616.2) 
+378: (508, 5539.6) (597, -4616.2) (698, 2020.2)
 379: (87, 9753.0) 
 382: (485, 5784.0) 
 393: (267, -7122.0) 
@@ -695,7 +695,7 @@
 397: (637, -7227.3) 
 406: (996, -9868.2) 
 407: (95, 8736.8) (298, -607.3) 
-409: (588, 9231.7) 
+409: (142, 1231.9) (213, 182.9) (588, 9231.7)
 412: (556, -7370.7) 
 414: (543, -563.7) 
 418: (463, -7032.8) 
@@ -706,7 +706,7 @@
 436: (404, -5765.7) 
 439: (992, 8323.1) 
 441: (168, -7728.7) 
-442: (266, -184.4) 
+442: (266, -184.4) (861, 1258.7)
 443: (329, 1196.4) 
 447: (582, 7208.2) 
 451: (795, -9341.4) 
@@ -737,7 +737,7 @@
 521: (342, -9014.6) 
 523: (511, -8006.1) 
 526: (947, -7194.3) 
-527: (763, 1887.6) 
+527: (272, -7508.4) (763, 1887.6)
 530: (169, 4495.6) 
 534: (445, 4894.3) 
 536: (226, -3810.2) 
@@ -749,7 +749,7 @@
 552: (508, -8452.2) 
 553: (720, -6841.3) 
 554: (279, 1879.5) 
-555: (866, 3480.3) 
+555: (866, 3480.3) (954, -3249.3)
 556: (153, 709.7) 
 561: (818, -1809.8) 
 567: (369, -1951.4) 
@@ -765,10 +765,10 @@
 596: (400, 8462.3) 
 602: (851, -4273.3) 
 606: (70, 2233.1) 
-619: (599, -2181.6) 
+619: (544, 5991.8) (599, -2181.6)
 621: (261, 864.9) 
 623: (436, 2470.1) 
-629: (696, 5874.9) 
+629: (270, 7672.7) (696, 5874.9)
 633: (254, -9685.3) 
 638: (796, -401.1) 
 647: (389, 3702.1) 
@@ -785,7 +785,7 @@
 684: (311, -3201.0) 
 686: (197, -4115.8) (363, 213.7) (937, 6099.5) 
 687: (469, -9169.0) 
-693: (941, -6726.7) 
+693: (280, -9298.2) (495, -8152.5) (941, -6726.7)
 695: (226, -1182.2) (636, -9401.6) 
 696: (149, 4462.5) 
 702: (131, 5921.1) 
@@ -794,7 +794,7 @@
 706: (988, -5713.1) 
 709: (622, -9791.4) 
 711: (37, -1825.1) 
-715: (465, 3743.6) 
+715: (378, -8730.5) (465, 3743.6)
 716: (251, -6490.8) 
 719: (125, -7113.5) 
 720: (820, 1442.4) 
@@ -809,16 +809,16 @@
 750: (256, -8699.6) 
 752: (704, -4961.6) 
 756: (51, -7013.0) 
-757: (744, 91.5) 
+757: (341, -2780.5) (744, 91.5)
 760: (676, 5189.4) 
-762: (716, 8510.2) 
+762: (436, 9139.3) (716, 8510.2)
 765: (467, 9164.0) (651, -9058.0) 
 766: (131, 2322.2) 
 770: (220, 8518.3) 
 773: (227, 9985.0) 
 778: (61, 6149.3) (553, -8.7) 
 779: (568, 2573.6) 
-782: (783, -7863.2) 
+782: (84, 6174.4) (783, -7863.2)
 783: (494, 2916.6) 
 785: (758, -9781.5) 
 789: (31, -6911.8) 
@@ -833,14 +833,14 @@
 814: (425, 9479.2) 
 816: (779, -6278.3) 
 817: (457, -6173.7) 
-818: (130, 1571.6) 
+818: (130, 1571.6) (740, -218.7)
 820: (712, 7143.4) 
 821: (220, -6287.9) 
-823: (221, -3703.5) 
+823: (185, -350.9) (221, -3703.5)
 826: (301, 4567.4) 
 827: (9, -6417.7) 
 830: (411, -5949.4) 
-833: (658, 6820.2) 
+833: (37, -9357.9) (658, 6820.2)
 835: (55, -8195.6) 
 837: (672, 7729.2) 
 845: (92, 2787.6) 
@@ -851,7 +851,7 @@
 871: (889, -2578.0) 
 874: (520, -4240.5) (882, 4939.2) 
 876: (445, -9553.7) 
-885: (793, 1810.2) 
+885: (192, -5043.1) (793, 1810.2)
 886: (590, -8192.0) 
 888: (823, 4914.7) 
 893: (486, -1979.7) 
@@ -872,7 +872,7 @@
 935: (426, 2847.0) 
 936: (704, -9880.6) 
 937: (725, 9503.3) 
-939: (50, 398.3) 
+939: (50, 398.3) (735, -3647.1)
 942: (203, 5249.9) 
 945: (33, 9533.5) 
 954: (725, -1169.5) 
@@ -883,7 +883,7 @@
 971: (323, -1531.8) (704, -6246.5) 
 976: (936, 7611.2) 
 982: (614, -1457.9) (729, 8415.3) 
-983: (297, -2136.0) 
+983: (123, -1207.5) (297, -2136.0)
 984: (10, 9558.3) (106, 1458.0) 
 986: (578, 7546.6) 
 987: (664, 7399.9) 
@@ -930,7 +930,7 @@
 183: (265, 6530.0) 
 191: (395, -6745.2) (469, 13371.4) 
 213: (408, 18585.8) 
-217: (990, 3910.4) (412, -16396.6) 
+217: (412, -16396.6) (990, 3910.4)
 226: (780, 12761.6) 
 227: (181, -18925.4) 
 232: (229, 7728.0) 
@@ -1007,7 +1007,7 @@
 596: (400, 16924.6) 
 606: (70, 4466.2) 
 621: (261, 1729.8) 
-629: (696, 11749.8) (270, 15345.4) 
+629: (270, 15345.4) (696, 11749.8)
 633: (254, -19370.6) 
 647: (389, 7404.2) 
 652: (884, -8237.2) 
@@ -1032,7 +1032,7 @@
 738: (10, -10782.8) 
 747: (320, 13812.0) 
 752: (704, -9923.2) 
-757: (744, 183.0) (341, -5561.0) 
+757: (341, -5561.0) (744, 183.0)
 760: (676, 10378.8) 
 765: (651, -18116.0) 
 766: (131, 4644.4) 
@@ -1047,16 +1047,16 @@
 813: (486, -18360.0) 
 814: (425, 18958.4) 
 816: (779, -12556.6) 
-823: (221, -7407.0) (185, -701.8) 
+823: (185, -701.8) (221, -7407.0)
 827: (9, -12835.4) 
-833: (658, 13640.4) (37, -18715.8) 
+833: (37, -18715.8) (658, 13640.4)
 837: (672, 15458.4) 
 860: (954, 13925.2) 
 865: (951, 1577.6) 
 870: (614, 19570.2) 
 874: (882, 9878.4) 
 876: (445, -19107.4) 
-885: (793, 3620.4) (192, -10086.2) 
+885: (192, -10086.2) (793, 3620.4)
 888: (823, 9829.4) 
 897: (482, 8215.2) 
 899: (321, 9387.2) 
@@ -1074,7 +1074,7 @@
 971: (704, -12493.0) 
 976: (936, 15222.4) 
 982: (729, 16830.6) 
-983: (297, -4272.0) (123, -2415.0) 
+983: (123, -2415.0) (297, -4272.0)
 984: (10, 19116.6) 
 986: (578, 15093.2) 
 988: (595, 8660.0) 
@@ -1083,190 +1083,338 @@
 B-A =
 1: (206, 2590.4) (945, -3364.0) 
 2: (341, 5897.8) 
+3: (572, -9541.5) (836, -7660.0)
 5: (212, -2288.2) 
 9: (82, -1909.1) 
+11: (487, 4872.9)
 12: (548, 848.2) 
-13: (911, 1681.3) 
+13: (297, -6697.6) (911, 1681.3)
+15: (476, 9961.5)
 16: (878, -2013.6) 
 21: (753, -4975.9) 
+23: (934, -524.6)
 24: (196, 3332.1) 
 25: (105, 5922.7) 
+28: (739, 3490.4)
 29: (174, -7619.3) 
-31: (40, -1718.1) 
+31: (40, -1718.1) (914, -2771.4)
 33: (840, 636.4) 
+34: (855, 3410.6)
+35: (902, 1691.5)
 42: (313, 4919.2) 
 44: (980, 1506.5) 
 46: (415, -8021.3) 
 49: (934, -6776.3) 
+50: (152, -2852.1)
+54: (969, 8054.1)
 65: (768, 860.1) 
 68: (167, 2246.3) 
 71: (829, -2155.1) 
 80: (528, 1343.5) 
-86: (957, 9259.9) 
+85: (124, 8436.6) (554, -5112.0)
+86: (682, 9982.4) (957, 9259.9)
 88: (158, 6778.0) 
-91: (288, -3648.9) 
+91: (288, -3648.9) (600, 2487.3)
 92: (334, 2752.7) 
 95: (511, -8808.8) 
+98: (981, 6001.8)
 100: (65, -4205.7) 
+101: (604, -5894.3)
 107: (504, -3224.0) 
+110: (728, 2355.2)
 112: (338, -9293.8) 
 113: (483, 500.6) 
+121: (485, 833.5)
+128: (721, -2403.6)
+131: (301, 2038.7)
+139: (371, -3832.3)
+144: (62, 568.8)
+153: (428, 3128.2)
 158: (219, 6576.7) 
 160: (689, -1494.1) 
 162: (397, -3915.8) 
-173: (969, -3065.1) 
+163: (239, -5062.0)
+173: (255, -2255.3) (969, -3065.1)
+175: (498, -3245.4)
 183: (265, -3265.0) 
+190: (330, -2514.9)
 191: (395, 3372.6) (469, -6685.7) 
+196: (543, -8519.9)
+200: (151, -1820.9)
+208: (587, -4182.9)
+210: (258, -9482.9)
 213: (408, -9292.9) 
-217: (990, -1955.2) (412, 8198.3) 
+214: (216, 2076.4)
+216: (941, -7063.3)
+217: (412, 8198.3) (990, -1955.2)
+220: (97, 1694.1)
+223: (786, 3904.3)
 226: (780, -6380.8) 
-227: (181, 9462.7) 
+227: (56, 2482.5) (181, 9462.7)
+228: (777, 525.8)
 232: (229, -3864.0) 
+236: (879, -2942.9)
+238: (659, -4071.8)
+239: (54, 1372.3)
+241: (333, 1943.7)
+242: (216, 6720.8)
 245: (47, 2275.5) 
-251: (398, 7924.0) 
+248: (422, 5915.6)
+251: (82, 2238.7) (398, 7924.0)
+252: (494, -2121.3)
 256: (358, -1187.1) 
+266: (810, -1020.5)
+269: (153, 5046.7)
 276: (96, 7023.1) 
 280: (749, 5329.4) 
 281: (121, -772.3) (251, 2004.0) 
 283: (79, -3402.6) 
+285: (968, -9695.3)
 287: (922, -997.7) 
-290: (533, 309.1) 
+289: (183, -1479.9)
+290: (345, 518.4) (533, 309.1)
+291: (137, 2648.3)
+294: (536, 7296.8)
+295: (142, -4547.6)
 296: (21, 9722.9) 
 299: (336, -7906.4) 
+301: (531, -8641.8)
+305: (359, 3541.1) (426, -8311.3) (633, 3445.9)
 308: (94, 2899.7) 
 310: (887, 6318.5) 
 311: (625, -6051.7) 
 314: (777, 7725.4) 
+318: (199, 6424.6)
 320: (680, -8502.4) 
 323: (750, -6290.7) 
+324: (279, -6867.1)
 328: (458, 2220.3) 
 329: (92, -4539.6) (638, -2560.0) 
+333: (345, -4436.7) (567, -8048.8)
+334: (518, 7760.2)
+335: (334, 2976.4)
 336: (40, 384.3) (920, 2722.6) 
+343: (458, -6589.1) (716, 1871.9)
 345: (913, -3447.9) 
+348: (687, -1892.8)
+353: (793, -3307.5)
+354: (689, -4249.2)
+356: (950, 3575.3)
 357: (806, 6804.4) 
-358: (538, -692.2) 
+358: (194, 230.5) (538, -692.2)
 362: (619, 7582.1) 
+364: (312, -6809.2)
+369: (308, 67.6)
+372: (239, 8049.7)
 373: (58, -8413.0) 
-374: (792, -296.7) 
+374: (552, -8697.3) (792, -296.7)
+375: (710, 3531.3)
+377: (225, 5133.0)
+378: (508, 5539.6) (597, -4616.2) (698, 2020.2)
 379: (87, -9753.0) 
 382: (485, -5784.0) 
+393: (267, -7122.0)
 394: (354, -7801.9) 
+395: (125, 8621.7)
+397: (637, -7227.3)
 406: (996, 9868.2) 
-407: (298, 607.3) 
+407: (95, 8736.8) (298, 607.3)
+409: (142, 1231.9) (213, 182.9) (588, 9231.7)
+412: (556, -7370.7)
 414: (543, 563.7) 
+418: (463, -7032.8)
+422: (12, 8306.2)
 427: (294, -8863.7) 
+433: (558, -3713.1)
 434: (858, -3072.4) 
+436: (404, -5765.7)
 439: (992, -8323.1) 
+441: (168, -7728.7)
+442: (266, -184.4) (861, 1258.7)
 443: (329, -1196.4) 
 447: (582, -7208.2) 
 451: (795, 9341.4) 
 454: (311, -3699.7) 
 458: (427, -4203.0) 
+461: (585, 4712.6)
 462: (285, 3737.6) 
-467: (273, 1597.9) 
-468: (514, 5910.7) 
+467: (188, -1604.5) (273, 1597.9)
+468: (409, -3919.6) (514, 5910.7)
 472: (159, 362.2) 
+478: (651, -3860.9)
+479: (544, 9613.5)
+481: (835, 7377.7)
+491: (341, -3853.8)
 494: (816, -1526.5) 
 499: (1, -3220.2) 
 502: (708, 3787.1) 
 503: (716, -5609.7) 
-505: (309, 8607.2) 
+504: (791, 3164.0)
+505: (309, 8607.2) (767, 9811.2)
 508: (630, -6632.5) 
+513: (848, 7599.0)
 514: (529, -5535.0) 
-515: (370, -9730.1) 
+515: (370, -9730.1) (597, -4162.4)
 516: (351, -2829.9) 
-517: (502, 4945.4) 
+517: (502, 4945.4) (683, -8020.8)
 519: (387, 6033.9) 
+521: (342, -9014.6)
+523: (511, -8006.1)
 526: (947, 7194.3) 
+527: (272, -7508.4) (763, 1887.6)
+530: (169, 4495.6)
+534: (445, 4894.3)
 536: (226, 3810.2) 
-545: (963, 1781.2) 
+538: (20, -6888.0)
+539: (620, -9929.0)
+545: (624, 8530.6) (963, 1781.2)
+547: (688, 115.4)
 549: (689, 3687.1) 
+552: (508, -8452.2)
 553: (720, 6841.3) 
 554: (279, -1879.5) 
+555: (866, 3480.3) (954, -3249.3)
+556: (153, 709.7)
 561: (818, 1809.8) 
+567: (369, -1951.4)
+568: (996, 3790.8)
 572: (761, -4345.3) 
 577: (997, 2451.2) 
-578: (931, -1213.4) 
-580: (567, -4964.1) 
+578: (903, -1557.8) (931, -1213.4)
+580: (567, -4964.1) (967, 1798.3)
 583: (271, 598.4) 
 586: (598, 4051.9) 
 587: (606, 8691.7) 
 595: (778, 8230.6) 
 596: (400, -8462.3) 
+602: (851, -4273.3)
 606: (70, -2233.1) 
+619: (544, 5991.8) (599, -2181.6)
 621: (261, -864.9) 
-629: (696, -5874.9) (270, -7672.7) 
+623: (436, 2470.1)
+629: (270, -7672.7) (696, -5874.9)
 633: (254, 9685.3) 
+638: (796, -401.1)
 647: (389, -3702.1) 
-652: (884, 4118.6) 
+652: (205, 5863.8) (884, 4118.6)
 653: (45, 9903.3) 
 658: (631, 8891.7) 
-661: (968, -4110.7) 
+661: (686, -713.9) (968, -4110.7)
 670: (344, 9331.8) 
+671: (622, -3820.5)
 672: (773, -7078.2) 
 673: (727, 1840.1) 
-686: (197, 4115.8) (937, -6099.5) 
+677: (935, 2476.3)
+683: (883, 1664.9)
+684: (311, -3201.0)
+686: (197, 4115.8) (363, 213.7) (937, -6099.5)
 687: (469, 9169.0) 
-695: (226, 1182.2) 
+693: (280, -9298.2) (495, -8152.5) (941, -6726.7)
+695: (226, 1182.2) (636, -9401.6)
+696: (149, 4462.5)
 702: (131, -5921.1) 
 704: (759, 6884.5) 
+705: (320, -6729.2)
 706: (988, 5713.1) 
 709: (622, 9791.4) 
 711: (37, 1825.1) 
+715: (378, -8730.5) (465, 3743.6)
+716: (251, -6490.8)
 719: (125, 7113.5) 
 720: (820, -1442.4) 
-724: (313, -6981.9) 
+722: (953, -4280.3)
+724: (313, -6981.9) (985, 1148.3)
+727: (315, 1153.1)
 728: (782, -5216.0) 
+736: (414, -4956.1)
 738: (10, 5391.4) 
 747: (320, -6906.0) 
+749: (795, 2830.0)
+750: (256, -8699.6)
 752: (704, 4961.6) 
-757: (744, -91.5) (341, 2780.5) 
+756: (51, -7013.0)
+757: (341, 2780.5) (744, -91.5)
 760: (676, -5189.4) 
-765: (651, 9058.0) 
+762: (436, 9139.3) (716, 8510.2)
+765: (467, 9164.0) (651, 9058.0)
 766: (131, -2322.2) 
 770: (220, -8518.3) 
 773: (227, -9985.0) 
-778: (553, 8.7) 
+778: (61, 6149.3) (553, 8.7)
 779: (568, -2573.6) 
+782: (84, 6174.4) (783, -7863.2)
+783: (494, 2916.6)
 785: (758, 9781.5) 
+789: (31, -6911.8)
+792: (558, -1376.8)
+793: (674, -142.2)
 800: (203, 8412.7) 
+801: (295, 4306.3)
 805: (21, -6080.5) 
-807: (43, -6038.5) 
+807: (43, -6038.5) (102, 6955.6)
+811: (315, -1390.0)
 813: (486, 9180.0) 
 814: (425, -9479.2) 
 816: (779, 6278.3) 
-823: (221, 3703.5) (185, 350.9) 
+817: (457, -6173.7)
+818: (130, 1571.6) (740, -218.7)
+820: (712, 7143.4)
+821: (220, -6287.9)
+823: (185, 350.9) (221, 3703.5)
+826: (301, 4567.4)
 827: (9, 6417.7) 
-833: (658, -6820.2) (37, 9357.9) 
+830: (411, -5949.4)
+833: (37, 9357.9) (658, -6820.2)
+835: (55, -8195.6)
 837: (672, -7729.2) 
+845: (92, 2787.6)
 860: (954, -6962.6) 
+864: (116, 2866.2)
 865: (951, -788.8) 
 870: (614, -9785.1) 
-874: (882, -4939.2) 
+871: (889, -2578.0)
+874: (520, -4240.5) (882, -4939.2)
 876: (445, 9553.7) 
-885: (793, -1810.2) (192, 5043.1) 
+885: (192, 5043.1) (793, -1810.2)
+886: (590, -8192.0)
 888: (823, -4914.7) 
+893: (486, -1979.7)
+896: (625, 5918.5)
 897: (482, -4107.6) 
 899: (321, -4693.6) 
 910: (857, 2937.4) 
-914: (841, 4707.2) 
+912: (578, -9474.5)
+914: (446, -7240.6) (841, 4707.2)
 917: (312, -60.8) 
 924: (897, 112.8) 
+925: (30, 7577.2)
+926: (405, 5225.5)
+929: (983, 6663.7)
+930: (553, 444.7)
 932: (929, 1570.4) 
+934: (238, 9587.7)
+935: (426, 2847.0)
 936: (704, 9880.6) 
 937: (725, -9503.3) 
 939: (50, -398.3) (735, 3647.1) 
+942: (203, 5249.9)
 945: (33, -9533.5) 
 954: (725, 1169.5) 
+956: (173, -4970.2)
 958: (214, 7850.7) 
-971: (704, 6246.5) 
+967: (164, 1913.8)
+968: (772, -9181.4)
+971: (323, -1531.8) (704, 6246.5)
 976: (936, -7611.2) 
-982: (729, -8415.3) 
-983: (297, 2136.0) (123, 1207.5) 
-984: (10, -9558.3) 
+982: (614, -1457.9) (729, -8415.3)
+983: (123, 1207.5) (297, 2136.0)
+984: (10, -9558.3) (106, 1458.0)
 986: (578, -7546.6) 
+987: (664, 7399.9)
 988: (595, -4330.0) 
 993: (450, -811.7) 
+995: (470, 6806.0)
+996: (231, -5267.3)
 
 A-A =
 
@@ -1466,6 +1614,7 @@
 107: (791, 1.0200736E7) 
 162: (637, -2.8300661340000004E7) 
 191: (125, -2.907754542E7) 
+217: (556, 6.0427209809999995E7)
 256: (194, 273626.55) 
 280: (795, -1.5082201999999998E7) 
 281: (82, -4486354.8) (485, 643712.0499999999) 
@@ -1528,8 +1677,9 @@
 623: (404, -1.4241855569999998E7) 
 661: (363, -152560.43) 
 677: (426, 7050026.100000001) 
+715: (508, -4.8363477800000004E7) (597, 4.03017341E7) (698, -1.76373561E7)
 716: (82, -1.4530953959999999E7) 
-762: (251, -5.5238006160000004E7) 
+762: (251, -5.5238006160000004E7) (404, -5.269446200999999E7)
 765: (188, -1.4703638E7) 
 782: (494, -2.2933809119999997E7) 
 789: (914, 1.915536252E7) 
